Part A
A: 

        75         88         20         80 
        88         73         68         73 
        20         68         15         23 
        80         73         23         32 
V: 

     0.299      0.549     -0.526      0.577 
    -0.694      0.089      0.369      0.612 
     0.636     0.0457      0.718      0.281 
     0.159      -0.83     -0.269      0.463 
D: 

       -44          0          0          0 
         0        -30          0          0 
         0          0       26.7          0 
         0          0          0        242 
Testing if V^T*A*V=D...VT*A*V: 
       -44  -8.67e-08  -1.14e-12  -3.11e-15 
 -8.67e-08        -30  -2.58e-14   2.49e-14 
 -1.14e-12  -2.31e-14       26.7   2.85e-07 
 -1.07e-14  -1.42e-14   2.85e-07        242 
Test passed
Testing if V*D*V^T=A...V*D*VT
        75         88         20         80 
        88         73         68         73 
        20         68         15         23 
        80         73         23         32 
Test passed
Testing if V^T*V=1...VT*V
         1   2.78e-17   1.04e-16   1.67e-16 
  2.78e-17          1   5.55e-17   5.55e-17 
  1.04e-16   5.55e-17          1  -1.11e-16 
  1.67e-16   5.55e-17  -1.11e-16          1 
Test passed
Testing if V*V^T=1...V*VT
         1  -2.78e-16  -1.94e-16  -2.78e-16 
 -2.78e-16          1  -1.39e-16  -3.33e-16 
 -1.94e-16  -1.39e-16          1   -2.5e-16 
 -2.78e-16  -3.33e-16   -2.5e-16          1 
Test passed
Part b
The found energy is -0.414208239230934
